field_float_pos: 3.1415926
field_float_neg: -3.1415926
